Date: 2024-02-10-21-08-00
Model: gpt-3.5-azure
Test on 10 samples :
Accuracy: 0.5
F1: 0.1399426030921687
Date: 2024-02-11-08-03-37
Model: gpt-3.5-azure
Test on 100 samples :
Accuracy: 0.39
F1: 0.5162254049354703
Date: 2024-02-11-12-16-44
Model: gpt-3.5-azure
Test on 1000 samples :
Accuracy: 0.444
F1: 0.5276138436899568
